ID	JAHR	T2	Branche	x1	x2	x3	x4	x5	x6	x7	x8	x9	x10	x11	x12	x13	x14	x15	x16	x17	x18	x19	x20	x21	x22	x23	x24	x25
 1.010000e+02	 1.997000e+03	 1.000000e+00	 2.914000e+04	-3.638677e-02	-3.389371e-03	-2.494748e-03	-1.339806e-02	 5.089059e-03	 3.886555e-02	 7.998915e-03	 3.689567e-02	 0.000000e+00	 3.813025e-01	 3.358718e-01	 3.105305e-01	 4.284987e-01	 3.010204e-01	 4.543067e-02	 9.033420e-04	 0.000000e+00	 1.117435e+00	 4.972426e-01	 1.227907e+00	 1.032538e+00	 3.857104e-01	 0.000000e+00	 1.397087e-01	 6.590396e+00
 1.020000e+02	 2.001000e+03	 1.000000e+00	 5.147700e+04	 3.985507e-02	-1.388349e-02	-3.511450e-02	 4.028021e-02	 9.601449e-02	 5.343511e-03	 1.941748e-03	 0.000000e+00	 9.770992e-01	 8.450382e-01	 8.442748e-01	 8.117048e-02	 3.514493e-01	 1.265823e-01	 7.633590e-04	 2.487562e-03	 5.721168e-03	 5.273632e-01	 9.923664e-02	 1.041066e+01	 3.815534e-01	 1.097087e-01	 8.406305e-02	 2.574431e-01	 6.303061e+00
 1.030000e+02	 2.000000e+03	 1.000000e+00	 5.246100e+04	-7.622235e-03	 3.852890e-02	 4.166667e-02	-8.149586e-02	-7.269009e-02	 1.159420e-01	 9.281961e-02	 4.275888e-03	 2.500000e+00	 7.282609e-01	 7.264493e-01	 2.536232e-01	 6.990147e-02	 1.766667e+00	 1.811594e-03	 5.877269e-02	 7.462687e-02	 2.127053e+00	-3.442029e-01	 2.871429e+00	 9.667250e-01	 2.819615e-01	 3.546880e-01	 2.951138e-01	 5.450608e+00
 1.040000e+02	 2.001000e+03	 1.000000e+00	 2.030100e+04	-1.560000e-01	-7.232316e-03	-8.588957e-02	-7.760000e-02	-1.273000e-01	-3.848299e-02	-6.897160e-02	 2.839757e-02	 1.990431e+00	 4.301915e-01	 4.049080e-01	 1.100576e-01	 4.056795e-02	-4.600000e+00	 2.528351e-02	 2.986406e-01	 1.832325e-01	 2.147619e+00	 4.848485e-01	 3.908784e+00	 9.488446e-01	 4.378197e-01	 3.840000e-02	 6.800000e-02	 6.439370e+00
 1.050000e+02	 2.002000e+03	 1.000000e+00	 2.812000e+04	 4.808518e-03	-7.360000e-02	-1.967546e-01	 2.274450e-03	 5.151984e-03	-1.204750e-01	-7.760000e-02	 5.615662e-02	-6.326531e-01	 4.259635e-01	 2.636917e-01	 4.056795e-03	 6.354113e-03	-5.006811e+00	 1.430626e-01	 2.387640e-01	 1.571429e-01	 1.316479e+00	 4.888438e-01	 1.898074e+01	 3.944000e-01	 2.336000e-01	 1.369882e-01	 1.277957e-01	 5.692847e+00
 1.060000e+02	 1.997000e+03	 1.000000e+00	 2.211300e+04	 1.500849e-02	 1.326763e-03	 8.243174e-03	 3.502516e-03	 7.626486e-02	 5.169157e-02	 1.421531e-03	 2.475722e-01	-1.776018e-01	 7.336425e-01	 5.584750e-01	 7.487549e-02	 3.735144e-01	 8.333333e-01	 1.430626e-01	 7.111488e-02	 4.166667e-02	 1.379130e+00	 2.321827e-01	 9.798165e+00	 2.759193e-01	 5.932525e-02	 3.760899e-02	 9.695080e-03	 6.473816e+00
 1.070000e+02	 2.000000e+03	 1.000000e+00	 5.164100e+04	 1.628777e-02	 1.268944e-03	 4.142615e-02	 2.551624e-03	 3.498137e-02	 1.547708e-01	 6.448075e-03	 8.544169e-02	-6.569767e-01	 6.804075e-01	 6.320204e-01	 1.813243e-02	 5.375131e-01	 2.099065e+00	 4.838710e-02	 1.253059e-02	 4.830821e-02	 1.178401e+00	 2.579626e-01	 1.898074e+01	 8.454845e-02	 2.400659e-02	 6.846564e-02	 4.077928e-02	 7.177754e+00
 1.080000e+02	 1.997000e+03	 1.000000e+00	 5.133000e+04	-1.224358e-01	 2.393929e-03	 1.736070e-02	-8.833300e-02	-1.123726e-01	 4.018916e-02	 5.141458e-03	 0.000000e+00	-2.827869e-01	 8.246269e-01	 8.142938e-01	 1.689026e-02	 1.174042e-01	 1.419695e+00	 1.033306e-02	 1.093173e-01	 3.983366e-03	 1.248979e+00	 1.471140e-01	 1.898074e+01	 1.469771e-01	 4.316472e-02	 1.647036e-01	 1.842364e-01	 8.076495e+00
 1.090000e+02	 1.997000e+03	 1.000000e+00	 4.543300e+04	-6.358768e-03	-9.314880e-02	-1.189524e-01	-1.915277e-03	 5.220884e-02	-8.695652e-02	-8.549274e-02	 1.700134e-01	-6.955224e-01	 6.632693e-01	 5.907625e-01	 4.128499e-02	 6.974565e-01	-5.006811e+00	 7.250677e-02	 1.633320e-03	 4.532192e-02	 1.171499e+00	 1.651400e-01	 1.606563e+01	 7.607970e-01	 3.036906e-01	 2.227355e-01	 3.785489e-02	 6.598027e+00
 1.150000e+02	 1.999000e+03	 1.000000e+00	 5.246300e+04	 4.146101e-02	-7.684901e-02	-2.325000e-01	 8.247050e-03	 6.606424e-02	 1.873589e-03	-6.138509e-02	 1.480750e-02	 3.192532e+00	 5.189616e-01	 5.149661e-01	 4.465463e-01	 1.552889e-01	-3.420331e+00	 3.995485e-03	 5.734667e-02	 1.241844e-01	 1.195108e+00	 2.119639e-01	 1.162168e+00	 3.207170e-01	 6.339048e-02	 5.479505e-02	 9.750391e-02	 7.355073e+00
 1.160000e+02	 2.001000e+03	 1.000000e+00	 5.134200e+04	 1.930775e-02	 7.057820e-03	 4.844711e-02	 6.629465e-03	 2.874971e-02	 7.806212e-02	 1.124598e-02	 1.237109e-01	-4.496487e-01	 8.196522e-01	 7.726479e-01	 1.508847e-01	 4.878267e-01	 3.372093e+00	 4.700433e-02	 1.781737e-02	 1.778766e-02	 1.252216e+00	 1.599210e-01	 5.432310e+00	 1.702279e-01	 9.332868e-02	 8.785401e-02	 5.085180e-02	 7.119553e+00
 1.170000e+02	 1.999000e+03	 1.000000e+00	 5.154300e+04	-1.560000e-01	 6.372991e-03	 2.008477e-02	-8.833300e-02	-1.273000e-01	 5.342595e-02	 9.489539e-03	 3.644340e-02	 7.514865e+00	 5.180363e-01	 5.088062e-01	 3.452790e-01	 7.418593e-01	 8.397524e-01	 9.230045e-03	 6.908463e-03	 4.926594e-01	 9.768073e-01	 1.306569e-01	 1.500341e+00	 3.300743e-01	 9.636429e-02	 1.023071e-01	 1.027844e-01	 7.336751e+00
 1.180000e+02	 1.998000e+03	 1.000000e+00	 5.119000e+04	 9.583918e-03	-9.350000e-02	-2.325000e-01	 8.422235e-03	 3.054387e-02	-1.204750e-01	-8.621600e-02	 1.427458e-01	-4.669000e+00	 6.838198e-01	 6.790957e-01	 2.653956e-01	 5.219729e-01	-3.794788e+00	 4.724144e-03	 1.358928e-02	 4.579324e-01	 1.182172e+00	-1.585962e-02	 2.576605e+00	 9.430390e-01	 4.871917e-01	 1.767648e-01	 4.701138e-02	 6.481504e+00
 1.190000e+02	 2.000000e+03	 1.000000e+00	 5.153100e+04	 8.381503e-02	 6.278393e-03	 1.285647e-02	 2.655771e-02	 1.184971e-01	 4.729624e-02	 2.000919e-02	 4.508670e-02	 1.798883e+00	 8.199314e-01	 8.087892e-01	 1.129811e-02	 8.670520e-03	 8.358209e-01	 1.114228e-02	 6.265660e-04	 3.231018e-02	 1.062657e+00	 1.493689e-01	 1.898074e+01	 6.550967e-01	 4.396407e-01	 1.406197e-01	 1.976507e-01	 6.817031e+00
 1.210000e+02	 2.000000e+03	 1.000000e+00	 2.662000e+04	-1.560000e-01	 1.426010e-03	 4.996473e-03	-8.833300e-02	-1.273000e-01	 5.296261e-02	 2.693123e-02	 6.641986e-02	 7.514865e+00	 7.280743e-01	 7.163179e-01	 1.368446e-01	 2.939895e-01	 1.090759e+00	 1.175641e-02	 2.489757e-02	 1.873082e-02	 1.053262e+00	 2.510581e-01	 5.320447e+00	 6.931226e-01	 2.985251e-01	 1.851728e-01	 9.359275e-02	 6.939424e+00
 1.230000e+02	 2.001000e+03	 1.000000e+00	 2.852100e+04	-1.560000e-01	-9.077156e-03	-6.623037e-02	-8.833300e-02	-1.273000e-01	-9.554974e-02	-8.621600e-02	 3.664303e-02	 1.432432e+00	 4.628272e-01	 4.586387e-01	 1.460733e-01	 1.312057e-01	-3.401575e+00	 4.188482e-03	 2.962963e-03	 7.239819e-02	 1.221481e+00	 4.471204e-01	 3.168459e+00	 1.444781e+00	 7.344108e-01	 1.219136e-01	 1.797840e-01	 6.290732e+00
 1.250000e+02	 2.002000e+03	 1.000000e+00	 5.142100e+04	 1.693302e-02	 1.495513e-03	 6.910168e-03	 8.001441e-03	 4.631078e-02	 3.060217e-02	 3.738784e-03	 2.237334e-01	-2.416667e+00	 4.017769e-01	 3.613031e-01	 3.425469e-01	 2.732404e-01	 1.000000e+00	 4.047384e-02	 1.254508e-03	 7.125307e-02	 1.506037e+00	 5.626851e-01	 1.172911e+00	 2.524925e-01	 1.871884e-01	 5.137903e-02	 3.401255e-02	 6.005609e+00
 1.260000e+02	 1.998000e+03	 1.000000e+00	 3.511100e+04	 6.542056e-02	 6.406298e-03	 2.114927e-02	 4.306220e-02	 2.803738e-02	 9.493370e-02	 1.752084e-02	 3.634863e-01	 1.538928e+00	 4.336620e-01	 4.331180e-01	 1.642979e-01	 9.345794e-03	 1.569124e+00	 5.440330e-04	 2.986406e-01	 7.981810e-01	 3.139845e+00	 2.194492e-01	 2.639487e+00	 3.783318e-01	 1.783987e-01	 0.000000e+00	 0.000000e+00	 6.876134e+00
 1.280000e+02	 1.999000e+03	 1.000000e+00	 2.661200e+04	-1.560000e-01	 1.250928e-02	 1.741513e-02	-8.833300e-02	-1.273000e-01	 7.344356e-02	 4.561990e-02	 0.000000e+00	 1.440217e+00	 3.490200e-01	 3.469002e-01	 1.432997e-01	 6.664665e-02	 1.606536e+00	 2.119819e-03	 1.057536e-01	 1.239021e-01	 1.143436e+00	 6.000717e-01	 2.435594e+00	 1.138196e+00	 7.344108e-01	 2.590329e-01	 3.531632e-01	 7.195284e+00
 1.310000e+02	 2.001000e+03	 1.000000e+00	 3.612200e+04	 1.495770e-01	 1.161846e-02	 4.534380e-02	 2.348397e-02	 1.616800e-01	 1.647266e-01	 3.213005e-02	 3.634863e-01	 4.435252e+00	 4.757715e-01	 4.675149e-01	 2.424201e-01	 1.692047e-01	 1.801609e+00	 8.256632e-03	 2.986406e-01	 7.072546e-01	 2.229583e+00	 1.801570e-01	 1.962591e+00	 3.532393e-01	 1.019364e-01	 7.058510e-02	 1.473852e-02	 6.577196e+00
 1.330000e+02	 2.002000e+03	 1.000000e+00	 4.521200e+04	 0.000000e+00	 2.546473e-03	 4.062038e-03	-3.748243e-03	 2.546550e-02	 7.422452e-02	 1.578813e-02	 0.000000e+00	 1.166667e+00	 4.272526e-01	 4.257755e-01	 5.132939e-02	 7.297371e-01	 1.215686e+00	 1.477105e-03	 3.146853e-02	 2.506482e-02	 8.356643e-01	 5.524372e-01	 8.323741e+00	 6.895849e-01	 3.216196e-01	 1.099485e-01	 1.541465e-01	 6.432649e+00
 1.340000e+02	 2.002000e+03	 1.000000e+00	 1.513000e+04	 1.300349e-02	 0.000000e+00	-6.571742e-03	-1.435662e-02	-1.160799e-01	 7.174151e-02	 1.452444e-02	 5.042816e-02	 3.342484e+00	 3.132530e-01	 3.033954e-01	 6.069707e-01	 1.110054e-01	 7.948718e-01	 9.857612e-03	 6.680162e-02	 1.731035e+00	 1.037112e+00	-5.147864e-02	 4.561404e-01	 5.703576e-01	 3.264095e-02	 4.707264e-02	 1.327320e-01	 6.562531e+00
 1.370000e+02	 2.001000e+03	 1.000000e+00	 5.170200e+04	 6.451613e-03	-9.350000e-02	-1.004963e-01	 8.341083e-02	 7.536290e-02	-4.621472e-02	-6.167732e-02	 2.056452e-03	-2.704959e+00	 6.066502e-01	 5.678683e-01	 1.552150e-01	 0.000000e+00	-1.039384e+00	 3.878189e-02	 1.081867e-02	 1.577658e-01	 1.332149e+00	 7.417528e-02	 3.908451e+00	 1.228792e+00	 5.286628e-01	 1.485865e-01	 3.531632e-01	 7.660325e+00
 1.380000e+02	 2.001000e+03	 1.000000e+00	 5.154300e+04	-1.281811e-01	 5.259698e-02	 8.395161e-02	-7.788090e-02	-8.915197e-02	 7.677419e-02	 1.115044e-01	 5.549851e-02	-9.836066e-02	 7.491532e-01	 7.410484e-01	 2.381048e-01	 3.765604e-01	 6.171397e+00	 8.104839e-03	 6.814170e-02	 1.830023e-03	 9.704042e-01	 2.488306e-01	 3.146317e+00	 1.858256e+00	 0.000000e+00	 1.253026e-01	 8.451029e-02	 7.394452e+00
 1.390000e+02	 1.998000e+03	 1.000000e+00	 4.523100e+04	-1.560000e-01	-9.175218e-02	-1.088024e-01	-8.308358e-02	-1.273000e-01	-5.067649e-02	-6.381507e-02	 0.000000e+00	 2.275572e+00	 5.646392e-01	 5.261637e-01	 1.650660e-01	 7.548982e-02	-2.586449e+00	 3.847548e-02	 2.986406e-01	 2.112357e-01	 3.139845e+00	-1.671096e-02	 3.420687e+00	 7.158010e-01	 9.861215e-02	 7.092907e-02	 3.668554e-02	 7.705776e+00
 1.400000e+02	 1.999000e+03	 1.000000e+00	 5.248900e+04	 5.194320e-02	-8.524809e-02	-2.325000e-01	 2.962963e-02	 6.128550e-02	-1.204750e-01	-7.226107e-02	 7.623318e-02	-2.502825e+00	 1.993853e-01	 8.932002e-02	 6.069707e-01	 3.721973e-01	-5.006811e+00	 1.100653e-01	 2.767528e-03	 8.631985e-01	 1.134225e+00	 4.692662e-01	 2.875346e-01	 2.889333e-01	 6.560107e-02	 1.163163e-01	 1.881882e-01	 6.425173e+00
 1.460000e+02	 2.002000e+03	 1.000000e+00	 5.132000e+04	-2.324745e-02	 4.478280e-03	 2.100162e-02	-2.161768e-02	-1.437987e-02	 6.946688e-02	 1.746529e-02	 1.354104e-02	-2.500000e-01	 8.626817e-01	 8.222940e-01	 1.308562e-01	 4.141402e-01	 1.500000e+00	 4.038772e-02	 8.036970e-04	 9.363296e-03	 1.322483e+00	-2.907916e-01	 6.592593e+00	 2.772056e-01	 4.209583e-02	 1.390576e-01	 1.352927e-01	 5.791691e+00
 1.470000e+02	 1.998000e+03	 1.000000e+00	 4.521100e+04	 3.731869e-03	-2.356085e-02	-2.133014e-02	 2.895129e-03	 3.316434e-02	-1.042540e-02	-1.457372e-02	 1.906070e-01	-4.669000e+00	 5.964050e-01	 5.959257e-01	 2.396640e-04	 3.493170e-01	-7.228916e-01	 4.793290e-04	 2.930208e-02	 3.510147e-01	 6.367430e-01	 1.923307e-01	 1.898074e+01	 1.013481e+00	 4.975710e-01	 9.022683e-02	 1.603002e-01	 6.630095e+00
 1.490000e+02	 1.997000e+03	 1.000000e+00	 7.230400e+04	 2.936631e-02	 8.026200e-15	-1.456672e-01	 2.158516e-02	 7.109737e-02	-6.731146e-02	-1.778954e-02	 7.212777e-02	 1.010323e+00	 6.025356e-01	 6.020128e-01	 1.708273e-01	 0.000000e+00	-3.503030e+00	 5.228070e-04	 5.186480e-02	 9.175705e-02	 1.114219e+00	 2.808783e-01	 3.527161e+00	 1.569871e-01	 7.379479e-02	 2.448567e-01	 2.428331e-01	 6.893417e+00
 1.530000e+02	 1.997000e+03	 1.000000e+00	 5.152200e+04	-1.560000e-01	 4.577385e-02	 2.835000e-01	-4.628194e-02	-1.049306e-01	 2.519712e-01	 6.050306e-02	 0.000000e+00	-1.056911e-01	 7.409551e-01	 3.473227e-01	 2.894356e-03	 4.360753e-01	 6.171397e+00	 1.430626e-01	 1.592460e-02	 5.078125e-02	 1.064023e+00	 2.214182e-01	 1.898074e+01	 1.565828e-01	 1.903467e-02	 6.334177e-02	 4.440454e-02	 5.548147e+00
 1.540000e+02	 1.997000e+03	 1.000000e+00	 5.248400e+04	 1.212121e-01	-7.317770e-02	-1.404856e-01	 1.631779e-02	 1.250000e-01	-4.757185e-02	-3.456861e-02	 0.000000e+00	 9.659471e-01	 3.811943e-01	 3.751239e-01	 4.395441e-01	 0.000000e+00	-2.697452e+00	 6.070367e-03	 2.053232e-01	 1.124472e-01	 9.239544e-01	 2.440535e-02	 8.672492e-01	 3.294425e-01	 4.444535e-02	 4.170100e-02	 1.170265e-01	 6.615650e+00
 1.560000e+02	 2.001000e+03	 1.000000e+00	 5.147600e+04	 9.126984e-03	 3.479471e-03	-1.116864e-01	 7.445323e-03	 3.690476e-02	-7.840237e-02	-3.270703e-02	 4.246032e-02	 1.022727e+00	 6.268491e-01	 6.264793e-01	 3.631657e-01	 2.543651e-01	-3.219178e+00	 3.698220e-04	 2.470462e-02	 2.654867e-02	 2.203008e+00	 3.461538e-01	 1.726069e+00	 3.763396e-01	 2.999304e-01	 1.254847e-01	 9.585854e-02	 6.432007e+00
 1.570000e+02	 2.001000e+03	 1.000000e+00	 4.534000e+04	 2.352185e-02	 3.567551e-03	 1.904762e-02	 8.407777e-03	 4.177378e-02	 6.230159e-02	 1.442531e-02	 3.611825e-02	 4.835052e+00	 3.694444e-01	 3.603175e-01	 1.924603e-01	 0.000000e+00	 2.066667e+00	 9.126984e-03	 1.610379e-01	 5.037594e-01	 1.044069e+00	 4.444444e-01	 1.919588e+00	 3.908795e-01	 1.771367e-01	 1.385281e-01	 1.741861e-01	 6.110069e+00
 1.660000e+02	 2.001000e+03	 1.000000e+00	 5.153100e+04	 1.390194e-02	-9.350000e-02	-2.325000e-01	 3.013759e-02	 2.799173e-02	-1.204750e-01	-8.621600e-02	 2.273154e-02	 1.923077e+00	 5.107296e-01	 5.092990e-01	 4.878398e-01	 4.828105e-02	-5.006811e+00	 1.430615e-03	 3.230543e-02	 2.128852e-01	 1.552423e+00	 1.044349e-01	 1.046921e+00	 4.290976e-01	 9.760589e-02	 3.546880e-01	 3.531632e-01	 5.844477e+00
 1.710000e+02	 1.999000e+03	 1.000000e+00	 7.011200e+04	 1.805827e-02	 5.391479e-03	 4.804506e-03	 1.305581e-02	 6.577564e-02	 1.230119e-02	 1.192805e-02	 1.877159e-02	-2.723147e-02	 4.738651e-01	 3.894964e-01	 7.273029e-02	 2.211293e-01	 1.329787e+00	 8.436879e-02	 1.077119e-02	 4.894677e-03	 5.816444e-01	 4.143887e-01	 6.515376e+00	 1.151963e+00	 5.793692e-01	 6.071422e-02	 9.193545e-02	 7.091478e+00
 1.720000e+02	 1.999000e+03	 1.000000e+00	 1.421000e+04	 2.131186e-03	 9.035748e-03	 2.609251e-02	 6.957774e-03	 3.291499e-02	 1.337663e-01	 3.291192e-02	 0.000000e+00	 2.041295e+00	 5.890524e-01	 5.827076e-01	 3.452470e-01	 2.543216e-01	 1.402722e+00	 6.344797e-03	 5.519779e-03	 1.094391e+00	 1.528519e+00	-2.464334e-01	 1.706177e+00	 5.003663e-01	 9.828490e-02	 2.000960e-01	 1.691459e-01	 7.134138e+00
 1.730000e+02	 2.002000e+03	 1.000000e+00	 4.523100e+04	-8.659639e-03	 2.159309e-03	 6.867156e-03	-1.886318e-03	 2.861446e-02	 7.317073e-02	 3.334933e-02	 7.153614e-03	 1.026786e+00	 5.147999e-01	 5.119583e-01	 7.980109e-02	 1.178464e-01	 1.177966e+00	 2.841582e-03	 1.302932e-02	 2.115915e-01	 7.014115e-01	 2.720815e-01	 6.451039e+00	 1.013196e+00	 5.482246e-01	 1.011066e-01	 1.364437e-01	 6.625621e+00
 1.740000e+02	 2.000000e+03	 1.000000e+00	 1.513000e+04	 1.767192e-03	-2.892354e-03	-5.647590e-03	 8.218700e-04	 1.690357e-03	 1.329066e-01	 9.557344e-03	 2.865924e-02	 1.195811e+00	 6.935241e-01	 6.844880e-01	 2.906627e-01	 3.313100e-01	 8.351648e-01	 9.036145e-03	 1.804080e-04	 7.155266e-01	 9.545373e-01	-2.070783e-01	 2.386010e+00	 3.340040e-01	 3.219316e-02	 1.719872e-01	 3.194913e-01	 6.132897e+00
 1.750000e+02	 2.000000e+03	 1.000000e+00	 2.222000e+04	-9.747454e-02	 9.948960e-04	 1.459854e-03	-6.862831e-02	-3.645587e-02	 4.287361e-02	 9.516390e-04	 3.634863e-01	 1.033787e+00	 8.517864e-01	 8.516327e-01	 1.181713e-01	 1.677043e-01	 8.429119e-02	 1.536690e-04	 1.089198e-01	 2.125203e-01	 3.139845e+00	-3.872455e-02	 7.208062e+00	 5.629812e-01	 1.478934e-01	 1.919948e-01	 9.811177e-02	 6.823113e+00
 1.760000e+02	 1.999000e+03	 1.000000e+00	 7.220200e+04	 6.707629e-02	-9.350000e-02	-2.836131e-02	 2.222016e-02	 8.448541e-02	-4.611590e-04	-8.621600e-02	 5.760369e-02	-4.401262e-01	 2.012233e-01	 1.793061e-01	 9.084841e-02	 1.971326e-02	-3.254605e+00	 2.191721e-02	 2.986406e-01	 5.358543e-01	 1.419806e+00	 5.103822e-01	 2.214935e+00	 1.858256e+00	 5.168414e-03	 6.582373e-02	 1.402318e-01	 7.624601e+00
 1.770000e+02	 2.001000e+03	 1.000000e+00	 4.521100e+04	-1.560000e-01	 1.623900e-02	 9.178187e-02	-8.833300e-02	-9.508392e-02	 1.067588e-01	 2.045370e-02	 2.249240e-01	-6.956522e-01	 6.321045e-01	 4.342038e-01	 2.739375e-02	 7.876305e-02	 6.171397e+00	 1.430626e-01	 4.405286e-03	 1.591738e-01	 2.476572e+00	 2.653610e-01	 1.898074e+01	 2.420974e-01	 3.833519e-02	 1.486447e-01	 5.401729e-02	 6.601431e+00
 1.780000e+02	 2.002000e+03	 1.000000e+00	 3.612100e+04	 1.098061e-02	-9.350000e-02	-1.463592e-01	 7.143291e-03	 1.808249e-02	-1.460288e-02	-6.990188e-02	 4.190112e-02	 5.677249e+00	 1.649927e-01	 1.642659e-01	 3.796088e-01	 1.666211e-01	-2.991684e+00	 7.268400e-04	 5.273791e-02	 1.731035e+00	 1.587135e+00	 2.436236e-01	 4.346388e-01	 7.351598e-01	 1.485961e-01	 2.125357e-01	 1.412548e-01	 7.179954e+00
 1.790000e+02	 1.997000e+03	 1.000000e+00	 2.913000e+04	 1.800000e-01	 6.109794e-03	 1.283802e-02	 1.977721e-02	 3.441573e-02	 3.845944e-02	 1.006140e-02	 2.138120e-01	-4.669000e+00	 5.137940e-01	 4.866976e-01	 1.261950e-01	 2.884747e-01	 8.575130e-01	 2.709642e-02	 2.672011e-03	 1.687400e-01	 1.870630e+00	 3.016662e-01	 4.071429e+00	 5.564168e-01	 1.494012e-01	 7.153385e-02	 8.387318e-02	 6.971239e+00
 1.800000e+02	 2.001000e+03	 1.000000e+00	 5.248800e+04	 3.318584e-02	 8.884319e-02	 6.597302e-02	 9.442583e-03	 5.139551e-02	 6.906014e-02	 1.031705e-02	 9.402655e-02	 8.157895e-01	 5.134919e-01	 5.121198e-01	 2.510862e-01	 7.071137e-02	 1.148855e+00	 1.372056e-03	 1.250617e-02	 9.129370e-03	 1.677308e+00	 4.470615e-01	 2.045082e+00	 2.997772e-01	 1.919452e-03	 3.691745e-02	 8.975530e-02	 6.650478e+00
 1.810000e+02	 1.997000e+03	 1.000000e+00	 5.212100e+04	 5.895357e-02	 7.919586e-03	 3.956773e-02	 2.114893e-02	 7.162859e-02	 1.278080e-01	 1.226520e-02	 1.034635e-01	 1.688525e+00	 5.171035e-01	 5.106365e-01	 2.493193e-01	 7.251290e-02	 2.445344e+00	 6.466984e-03	 1.370079e-01	 2.211618e-01	 1.330034e+00	 3.502383e-01	 2.074061e+00	 2.386435e-01	 1.195045e-01	 2.483812e-01	 1.947959e-01	 6.778781e+00
 1.820000e+02	 1.997000e+03	 1.000000e+00	 4.533100e+04	 5.217850e-04	 2.376285e-02	 5.246868e-02	 2.702297e-03	 1.395774e-02	 1.002211e-01	 2.887186e-02	 1.275763e-01	-2.336182e+00	 6.551216e-01	 5.653648e-01	 1.770081e-01	 1.622750e-01	 1.404624e+00	 8.975682e-02	 4.055767e-02	 1.844769e-01	 3.139845e+00	 2.162122e-01	 3.701082e+00	 4.030773e-01	 4.295135e-02	 1.095932e-01	 1.366161e-01	 6.540219e+00
 1.830000e+02	 2.002000e+03	 1.000000e+00	 4.541000e+04	 1.727371e-02	 6.005100e-04	 2.348030e-03	 2.240896e-02	 4.737933e-02	 3.078529e-02	 1.606365e-02	 2.526898e-02	 7.514865e+00	 2.058440e-01	 1.974954e-01	 1.217062e-01	 8.666469e-02	 1.126316e+00	 8.348552e-03	 1.245552e-01	 1.062738e+00	 2.887900e+00	 5.656144e-01	 1.691318e+00	 1.150878e+00	 6.908873e-01	 1.541783e-01	 1.589636e-01	 6.884569e+00
 1.840000e+02	 1.998000e+03	 1.000000e+00	 1.412000e+03	-2.859925e-03	 2.042484e-02	 1.895173e-02	 4.026974e-03	 4.302057e-02	 8.794788e-02	 5.602241e-02	 1.203907e-01	 7.514865e+00	 2.218932e-01	 1.942553e-01	 3.446846e-01	 7.269685e-01	 1.445783e+00	 2.763794e-02	 3.796274e-02	 1.575623e+00	 1.053171e+00	 4.189122e-01	 6.437572e-01	 1.182423e+00	 3.558590e-01	 1.920803e-02	 2.804500e-02	 6.714321e+00
 1.850000e+02	 1.997000e+03	 1.000000e+00	 5.245100e+04	-3.261823e-03	-1.502125e-03	 7.667032e-03	-3.682014e-02	-3.966590e-02	 5.628575e-02	 2.259580e-02	 3.330161e-01	-4.669000e+00	 7.741877e-01	 7.447974e-01	 8.716685e-02	 1.950356e-01	 9.592944e-01	 2.939029e-02	 1.611030e-01	 6.295685e-02	 1.315954e+00	 4.116466e-02	 8.881675e+00	 5.252325e-01	 2.550896e-01	 1.564178e-01	 5.090053e-02	 7.225442e+00
 1.860000e+02	 1.997000e+03	 1.000000e+00	 5.153500e+04	-4.668733e-02	-2.175541e-03	-5.520501e-02	-6.715309e-02	-6.015110e-02	 4.531260e-02	-2.645601e-02	 1.677160e-01	 5.214581e+00	 2.873719e-01	 2.410754e-01	 2.422411e-01	 1.113425e-01	-1.521329e+00	 4.629649e-02	 2.649964e-02	 1.731035e+00	 2.436401e+00	 9.079631e-02	 1.186305e+00	 6.669710e-01	 5.684939e-02	 1.962798e-01	 1.488538e-01	 7.679508e+00
 1.210000e+03	 2.002000e+03	-1.000000e+00	 7.310200e+04	-8.400000e-02	-5.250000e-02	 1.576399e-02	-8.207730e-02	 4.668332e-02	 1.008094e-01	 9.435872e-02	 5.014825e-01	 1.239888e+00	 6.320703e-02	 4.035307e-02	 1.296343e-01	 3.028542e-01	 1.915008e+00	 2.285395e-02	 0.000000e+00	 3.545608e+00	 8.398644e-01	 1.808044e-02	 4.875795e-01	 2.447868e+00	 2.096726e-03	 2.421645e-03	 1.144381e-01	 8.600947e+00
 1.211000e+03	 2.000000e+03	-1.000000e+00	 6.323100e+04	-8.400000e-02	-5.250000e-02	-1.370000e-01	-8.207730e-02	 1.235526e-01	 6.251377e-02	 1.718617e-01	 4.596915e-01	 2.278160e+00	 3.886064e-01	 3.886064e-01	 1.448291e-02	 4.304250e-01	 8.094807e-01	 0.000000e+00	 0.000000e+00	 3.930186e-01	 1.126765e+00	-6.222971e-02	 1.561334e+01	 2.447868e+00	 0.000000e+00	 5.323180e-02	 3.792645e-02	 5.909541e+00
 1.218000e+03	 2.002000e+03	-1.000000e+00	 4.010800e+04	 1.298621e-02	-5.250000e-02	-7.689099e-03	 3.174289e-02	 4.581894e-02	 3.728976e-02	 1.661501e-01	 1.506459e-01	-3.896200e+00	 1.065360e-01	 5.166911e-02	 3.675755e-01	 3.886045e-01	 5.554578e-01	 5.486686e-02	 1.044740e-04	 3.545608e+00	 7.415766e-01	 3.398021e-02	 2.898342e-01	 2.447868e+00	 2.428767e-01	 1.310523e-01	 9.630999e-03	 8.957808e+00
 1.219000e+03	 2.000000e+03	-1.000000e+00	 8.531700e+04	 2.852031e-02	 3.374973e-02	 1.221402e-02	 6.216639e-02	 5.345455e-02	 9.431724e-02	 1.190784e-01	 1.753096e-01	 1.006272e+00	 2.190241e-01	 2.190012e-01	 1.704083e-01	 3.846589e-01	 1.349331e+00	 2.288220e-05	 8.134179e-02	 3.545608e+00	 8.515117e-01	-5.660096e-02	 1.285290e+00	 2.447868e+00	 2.331926e-01	 1.239451e-01	 1.095686e-02	 7.740746e+00
 1.220000e+03	 2.001000e+03	-1.000000e+00	 7.484700e+04	 6.310623e-03	 6.195483e-02	 2.861770e-02	 9.643397e-03	 4.434512e-03	 1.012513e-01	 1.161196e-01	 1.242249e-01	 1.037742e+00	 2.536556e-01	 2.330228e-01	 1.681574e-01	 5.562597e-03	 2.126461e+00	 2.063280e-02	 3.030781e-01	 3.089611e+00	 1.494402e+00	-3.766489e-02	 1.508441e+00	 2.172305e+00	 2.829354e-01	 1.382765e-01	 4.762710e-02	 7.752009e+00
 1.226000e+03	 2.002000e+03	-1.000000e+00	 4.100300e+04	-1.642225e-03	 7.260325e-02	 4.864379e-02	-2.663874e-02	 3.983601e-03	 1.263487e-01	 1.046207e-01	 6.958519e-02	 1.016437e+00	 2.269100e-01	 2.188890e-01	 6.842547e-02	 0.000000e+00	 3.300275e+00	 8.021060e-03	 5.798201e-01	 3.545608e+00	 9.881372e-01	-1.070554e-01	 3.316163e+00	 1.522657e+00	 4.975427e-03	 0.000000e+00	 0.000000e+00	 8.541359e+00
 1.242000e+03	 2.002000e+03	-1.000000e+00	 7.440200e+04	 1.045065e-02	 8.750000e-02	 1.547111e-02	 1.318405e-01	 4.896088e-02	 8.891382e-02	 1.718617e-01	 3.445741e-01	 6.360230e+00	 1.215362e-01	 6.816833e-02	 4.032384e-01	 6.223144e-01	 1.419656e+00	 5.336783e-02	 2.869992e-01	 3.545608e+00	 9.388700e-01	 5.337571e-03	 3.014003e-01	 2.447868e+00	 1.416441e-03	 2.276337e-03	 2.666881e-02	 7.145710e+00
 1.243000e+03	 2.002000e+03	-1.000000e+00	 6.110000e+04	 0.000000e+00	 8.750000e-02	 1.462244e-02	 2.191825e-02	 3.208530e-02	 6.296492e-02	 1.718617e-01	 3.526462e-01	-3.896200e+00	 4.450068e-02	 3.172902e-02	 5.202512e-01	 0.000000e+00	 1.410222e+00	 1.277166e-02	 5.167005e-03	 3.545608e+00	 1.893892e+00	-2.720326e-03	 7.988871e-02	 2.447868e+00	 2.451027e-01	 2.727782e-02	 5.811535e-02	 7.772579e+00
 1.264000e+03	 2.002000e+03	-1.000000e+00	 2.320000e+04	 2.391463e-02	-5.250000e-02	-9.750028e-02	 5.315279e-03	 3.119292e-02	-2.575049e-02	-8.804610e-02	 9.738568e-02	 6.360230e+00	 1.796254e-02	-4.158536e-03	 1.599243e-01	 0.000000e+00	-3.798307e+00	 2.212108e-02	 9.039145e-01	 3.545608e+00	 5.318852e+00	 2.619980e-02	 1.123190e-01	 2.447868e+00	 4.886511e-02	 2.528365e-02	 9.415510e-05	 7.107296e+00
 1.279000e+03	 2.000000e+03	-1.000000e+00	 5.245100e+04	-8.400000e-02	-5.250000e-02	-1.370000e-01	-8.207730e-02	-1.262000e-01	-1.433766e-01	-8.804610e-02	 8.443510e-01	-3.344692e+00	 5.640693e-01	 1.853232e-01	 8.909768e-03	 1.451479e-03	-8.220890e+00	 2.598323e-01	 6.481242e-01	 7.604825e-01	 5.318852e+00	-1.474162e-02	 1.561334e+01	 2.447868e+00	 6.468305e-02	 2.906598e-01	 2.265308e-01	 6.790496e+00
 1.282000e+03	 2.002000e+03	-1.000000e+00	 5.166000e+04	-8.400000e-02	-5.250000e-02	-1.370000e-01	-8.207730e-02	-1.262000e-01	-4.904777e-02	-7.240632e-02	 5.615932e-01	 1.296405e+00	 4.730725e-01	 3.961531e-01	 4.124594e-01	 2.815584e-01	-2.454776e+00	 7.691942e-02	 8.588497e-01	 8.050013e-01	 5.318852e+00	-1.565261e-01	 1.146955e+00	 6.017546e-01	 7.701890e-03	 2.906598e-01	 3.827030e-02	 7.435153e+00
 1.283000e+03	 2.001000e+03	-1.000000e+00	 5.153300e+04	 3.561789e-02	-5.250000e-02	-1.370000e-01	 1.262411e-01	 5.061971e-02	-1.274047e-01	-8.804610e-02	 5.361305e-01	 6.360230e+00	 3.361624e-02	 4.744940e-03	 2.509556e-01	 2.522889e-01	-6.025131e+00	 2.887130e-02	 8.236934e-01	 3.545608e+00	 3.811616e+00	 3.566790e-01	 1.339529e-01	 2.447868e+00	 0.000000e+00	 2.906598e-01	 3.906690e-02	 6.769093e+00
 1.284000e+03	 2.002000e+03	-1.000000e+00	 2.200000e+04	-1.945580e-16	 8.750000e-02	 4.138908e-02	-8.207730e-02	-1.262000e-01	 7.493224e-02	 1.543955e-01	 6.509465e-01	-3.255220e+00	 1.198790e-01	 2.113546e-02	 1.753087e-01	 2.478732e-01	 2.397935e+00	 9.874356e-02	 2.290133e-01	 2.367311e+00	 8.798152e-01	 3.370537e-01	 6.838166e-01	 2.447868e+00	 2.279743e-02	 2.906598e-01	 2.265308e-01	 6.819100e+00
 1.285000e+03	 2.001000e+03	-1.000000e+00	 2.121000e+04	 2.057920e-17	-5.507400e-14	-1.370000e-01	-8.207730e-02	-1.262000e-01	-1.358203e-01	-8.804610e-02	 7.046805e-01	-2.507785e+00	 2.777203e-01	 2.141187e-01	 2.354232e-02	 1.974626e-01	-6.878326e+00	 6.360165e-02	 6.085107e-01	 5.690350e-01	 1.066822e+00	-3.337776e-02	 1.179664e+01	 2.447868e+00	 4.168915e-01	 2.927596e-03	 2.265308e-01	 7.032233e+00
 1.286000e+03	 2.002000e+03	-1.000000e+00	 3.320200e+04	-6.803386e-02	 3.007700e-15	-1.370000e-01	-3.347233e-02	-6.770219e-02	-1.231883e-01	-8.804610e-02	 1.671160e-01	-3.896200e+00	 1.115900e-01	 4.368627e-02	 1.443268e-01	 6.203479e-03	-6.590140e+00	 6.790369e-02	 2.466744e-01	 2.211868e+00	 2.091368e+00	 7.456646e-03	 7.731756e-01	 2.447868e+00	 4.168915e-01	 1.221368e-01	 8.028755e-02	 7.053611e+00
 1.287000e+03	 2.001000e+03	-1.000000e+00	 1.513000e+04	-3.700414e-02	-3.355793e-02	-6.786031e-02	-2.243946e-02	-3.427689e-02	-6.770219e-02	-3.339433e-02	 1.810330e-01	-1.950868e+00	 3.574800e-01	 2.692989e-01	 1.774075e-03	 6.936390e-03	-3.287052e+00	 8.818119e-02	 7.392135e-02	 4.814869e-01	 1.628281e+00	 3.901423e-01	 1.561334e+01	 4.932534e-01	 1.291697e-01	 1.916096e-01	 6.772519e-02	 8.714816e+00
 1.288000e+03	 2.002000e+03	-1.000000e+00	 5.139200e+04	-1.628843e-02	-2.283695e-02	-3.636007e-02	-7.059654e-02	-1.687770e-02	-3.427689e-02	-2.115383e-02	 1.537630e-05	 6.360230e+00	 4.252684e-01	 3.938320e-01	 1.157323e-03	 7.723015e-01	-3.037004e+00	 3.143641e-02	 9.039145e-01	 4.979028e-01	 2.776398e+00	 2.671881e-01	 1.561334e+01	 6.171457e-01	 1.309833e-01	 1.613235e-01	 1.254301e-01	 8.599303e+00
 1.289000e+03	 2.002000e+03	-1.000000e+00	 5.153400e+04	 4.001996e-02	-5.250000e-02	-1.628843e-02	 9.141121e-02	 6.657685e-02	 3.163542e-02	-7.315051e-02	 7.046640e-02	-3.896200e+00	 6.390126e-02	-8.212320e-05	 5.202512e-01	 0.000000e+00	-8.220890e+00	 6.398338e-02	 3.172567e-01	 3.545608e+00	 1.630312e+00	 1.135141e-01	 8.112234e-02	 2.447868e+00	 2.665956e-03	 4.130866e-02	 3.697420e-02	 7.657208e+00
 1.313000e+03	 2.000000e+03	-1.000000e+00	 3.210000e+04	 8.790790e-04	 1.442481e-03	 4.615992e-03	 2.812760e-04	 1.190440e-02	 7.703015e-02	 1.141170e-02	 2.056824e-01	 6.360230e+00	 4.508481e-01	 3.621473e-01	 8.433238e-02	 2.603374e-01	 1.198133e+00	 8.870086e-02	 2.439805e-01	 1.699982e+00	 7.121478e-01	-2.359182e-01	 5.346086e+00	 6.327175e-01	 1.118277e-02	 1.240571e-02	 1.221239e-02	 7.173129e+00
 1.327000e+03	 2.001000e+03	-1.000000e+00	 5.155400e+04	 1.184137e-01	-5.250000e-02	-1.342716e-01	-4.709729e-02	 3.043257e-02	-1.081576e-01	-8.804610e-02	 1.686250e-01	-3.896200e+00	 5.844053e-01	 5.712367e-01	 4.392590e-06	 8.502740e-05	-8.220890e+00	 1.316859e-02	 3.706210e-02	 9.511800e-02	 9.120257e-01	-1.475092e-01	 1.561334e+01	 1.882634e+00	 0.000000e+00	 5.366757e-02	 6.007602e-02	 9.398672e+00
 1.328000e+03	 2.002000e+03	-1.000000e+00	 2.466000e+04	 9.078026e-02	 8.750000e-02	-2.517224e-02	 1.010680e-01	 1.874872e-01	 4.225031e-02	 5.693938e-02	 2.354434e-01	-2.041008e+00	 5.655823e-01	 5.446206e-01	 3.972122e-03	 0.000000e+00	 1.775725e+00	 2.096167e-02	 5.218185e-01	 8.815501e-02	 1.405027e+00	-4.975669e-02	 1.561334e+01	 1.871001e+00	 0.000000e+00	 7.762116e-02	 4.694337e-02	 9.358537e+00
 1.335000e+03	 2.002000e+03	-1.000000e+00	 5.211100e+04	-2.885650e-16	 8.750000e-02	 3.173375e-02	 3.249304e-02	 1.161767e-01	-3.302871e-02	-8.804610e-02	 1.497666e-01	 6.360230e+00	 3.914482e-01	 3.905088e-01	 1.873162e-01	 0.000000e+00	-9.288429e-01	 9.394040e-04	 5.440684e-03	 3.338802e-01	 1.817333e+00	 4.896702e-02	 2.089772e+00	 2.447868e+00	 4.528182e-03	 7.512182e-02	 9.619445e-03	 8.260866e+00
 1.370000e+03	 2.000000e+03	-1.000000e+00	 7.414100e+04	-8.400000e-02	-5.250000e-02	-1.370000e-01	-8.207730e-02	-1.209643e-01	-6.746859e-02	-8.804610e-02	 8.443510e-01	-3.726347e+00	 3.267715e-02	-3.689874e-02	 1.885190e-03	 2.287244e-02	-8.220890e+00	 6.957589e-02	 9.039145e-01	 3.545608e+00	 5.318852e+00	 2.558542e-01	 1.561334e+01	 2.447868e+00	 0.000000e+00	 0.000000e+00	 6.809053e-02	 6.777902e+00
 1.407000e+03	 2.002000e+03	-1.000000e+00	 3.530000e+04	 1.400000e-01	 2.563717e-02	 5.791167e-03	 1.510000e-01	 2.419000e-01	 7.622706e-02	 1.718617e-01	 6.313914e-01	 6.360230e+00	 8.211078e-02	 7.949629e-02	 5.349679e-02	 1.160823e-01	 1.297612e+00	 2.614492e-03	 5.638657e-01	 3.545608e+00	 3.312781e+00	 4.773763e-03	 1.534873e+00	 2.447868e+00	 3.348930e-01	 1.944454e-01	 8.537969e-02	 7.197056e+00
 1.408000e+03	 2.001000e+03	-1.000000e+00	 9.000300e+04	 4.896527e-02	 8.750000e-02	 2.310000e-01	 9.558476e-03	 5.545500e-02	 3.738087e-01	 1.718617e-01	 1.654562e-01	-2.100816e-02	 1.309825e-01	 5.712596e-02	 3.219867e-02	 5.737931e-01	 1.591613e+01	 7.385654e-02	 1.407680e-01	 2.037335e+00	 1.661659e+00	 3.029338e-01	 4.067948e+00	 1.127093e+00	 2.073406e-01	 1.202223e-01	 5.449841e-02	 7.273173e+00
 1.435000e+03	 2.001000e+03	-1.000000e+00	 6.340100e+04	-8.400000e-02	-5.250000e-02	-1.370000e-01	-8.207730e-02	-1.106215e-01	-1.433766e-01	-8.804610e-02	 7.497963e-02	 1.103150e+00	 6.164559e-02	 6.523450e-03	 4.224921e-02	 8.422701e-03	-8.220890e+00	 5.512214e-02	 2.132693e-01	 3.545608e+00	 8.974256e-01	 3.204488e-01	 1.459094e+00	 2.447868e+00	 0.000000e+00	 2.372442e-01	 3.574815e-02	 6.550471e+00
 1.445000e+03	 2.002000e+03	-1.000000e+00	 2.441000e+04	 8.798073e-02	-3.500783e-02	-9.916839e-02	 1.510000e-01	 1.872421e-02	-1.632088e-02	-2.174193e-02	 2.084908e-01	 6.316702e+00	 7.140832e-01	 7.060174e-01	 5.015512e-02	 5.625920e-04	-1.722612e+00	 8.065714e-03	 8.276686e-02	 1.919166e-01	 1.040143e+00	 1.133820e-01	 1.423749e+01	 3.439043e-01	 9.726797e-02	 1.276596e-01	 2.265308e-01	 7.330333e+00
 1.453000e+03	 2.001000e+03	-1.000000e+00	 9.211200e+04	-6.836034e-03	 0.000000e+00	 3.661017e-02	-5.555184e-02	 7.084036e-03	 6.169492e-02	 1.240876e-02	 4.187196e-02	 1.638629e+00	 2.327684e-02	 2.192090e-02	 1.129944e-03	 6.891751e-01	 1.888889e+00	 1.355932e-03	 3.543612e-02	 3.545608e+00	 1.747964e-01	 2.894915e-01	 1.561334e+01	 2.447868e+00	 2.262774e-01	 5.326468e-03	 3.811719e-02	 8.645913e+00
 1.454000e+03	 2.000000e+03	-1.000000e+00	 7.414100e+04	-1.304548e-02	-5.250000e-02	-6.555288e-03	-8.207730e-02	 7.331233e-03	 2.335665e-02	 6.003263e-02	 2.908767e-02	-3.896200e+00	 3.109028e-01	 2.998857e-01	 4.406231e-01	 6.769538e-01	 1.873533e-01	 1.101719e-02	 6.115188e-02	 3.910247e-01	 2.410658e-01	-2.565582e-01	 7.055981e-01	 2.447868e+00	 1.021237e-02	 5.774065e-03	 1.091328e-02	 8.282688e+00
 1.461000e+03	 2.001000e+03	-1.000000e+00	 7.415500e+04	 0.000000e+00	 0.000000e+00	-1.370000e-01	-8.207730e-02	-1.262000e-01	-1.433766e-01	-8.804610e-02	 2.291118e-01	 1.123717e+00	 2.052808e-01	 2.021862e-01	 2.691573e-01	 0.000000e+00	-8.220890e+00	 3.094623e-03	 1.499534e-02	 3.545608e+00	 1.038118e+00	 7.474513e-03	 7.626796e-01	 2.447868e+00	 4.308655e-02	 1.024836e-01	 5.287871e-02	 7.903844e+00
 1.462000e+03	 2.002000e+03	-1.000000e+00	 7.484700e+04	-8.400000e-02	 0.000000e+00	-1.370000e-01	-5.153326e-02	 4.641578e-02	-1.433766e-01	-8.804610e-02	 3.265694e-01	 1.129721e+00	 2.384104e-01	 2.348353e-01	 2.317666e-01	 3.869685e-01	-8.220890e+00	 3.575044e-03	 2.452327e-02	 3.005618e+00	 1.657444e+00	 9.087799e-03	 1.028666e+00	 2.447868e+00	 4.898069e-02	 0.000000e+00	 0.000000e+00	 7.901204e+00
 1.473000e+03	 2.000000e+03	-1.000000e+00	 7.484800e+04	 8.816640e-17	 4.332400e-16	 9.502502e-02	 1.427392e-01	 1.128347e-01	 1.581058e-01	 1.380817e-01	 4.844471e-01	 1.303783e+00	 2.873210e-01	 2.794712e-01	 1.084974e-01	 0.000000e+00	 9.736748e+00	 7.849823e-03	 9.199089e-03	 1.610209e+00	 1.539879e+00	 1.638530e-01	 2.648183e+00	 1.462800e+00	 2.674538e-02	 2.906598e-01	 9.269333e-02	 8.514590e+00
 1.474000e+03	 2.001000e+03	-1.000000e+00	 4.010200e+04	-4.805300e-17	 1.118820e-16	 1.124832e-01	 1.510000e-01	 8.833762e-02	 1.697998e-01	 1.431853e-01	 7.059740e-01	 1.290895e+00	 3.114319e-01	 3.085670e-01	 1.109981e-01	 0.000000e+00	 1.161358e+01	 2.864890e-03	 6.641001e-01	 1.366293e+00	 1.747893e+00	 1.681356e-01	 2.805740e+00	 1.268983e+00	 1.477525e-02	 1.606716e-01	 3.861702e-02	 8.528947e+00
 1.478000e+03	 2.001000e+03	-1.000000e+00	 9.212100e+04	-8.400000e-02	 1.108781e-02	 1.729026e-02	-8.207730e-02	-1.262000e-01	 9.374451e-02	 4.244837e-02	 8.187379e-01	 1.832289e+00	 4.308835e-01	 3.139353e-01	 2.390956e-01	 3.504340e-04	 1.827435e+00	 1.169481e-01	 5.951285e-01	 1.250602e+00	 4.503497e+00	 1.341825e-02	 1.802139e+00	 1.240282e+00	 1.868360e-02	 2.715145e-01	 8.450849e-02	 7.753736e+00
 1.485000e+03	 2.001000e+03	-1.000000e+00	 7.415100e+04	-9.407470e-05	 2.092678e-02	 3.545409e-02	 4.262251e-03	 2.248773e-02	 6.209115e-02	 2.541237e-02	 2.153526e-01	 6.360230e+00	 3.338559e-01	 1.017924e-01	 3.143188e-01	 3.591269e-01	 4.979511e+00	 2.320635e-01	 9.815574e-03	 1.079685e+00	 1.107652e+00	 2.379546e-01	 1.062157e+00	 6.221062e-01	 6.209634e-02	 1.329967e-01	 2.095304e-01	 7.024212e+00
 1.488000e+03	 2.000000e+03	-1.000000e+00	 1.542000e+04	 3.358327e-03	-1.590748e-02	-2.328718e-03	 1.514533e-02	 3.301936e-02	 8.368241e-02	 6.930612e-02	 3.926356e-01	 1.187364e+00	 1.064226e-01	 1.042459e-01	 3.951360e-01	 4.749487e-01	 8.115385e-01	 2.176669e-03	 2.961678e-01	 3.545608e+00	 1.010139e+00	-2.828104e-03	 2.693315e-01	 2.447868e+00	 3.458776e-02	 1.806798e-01	 1.312236e-01	 7.110705e+00
 1.491000e+03	 2.000000e+03	-1.000000e+00	 5.232000e+04	 5.045911e-02	 5.477111e-02	 8.246918e-02	 9.287451e-02	 7.255436e-02	 1.420036e-01	 9.057780e-02	 4.598757e-01	 1.100002e+00	 4.711631e-02	 4.283855e-02	 2.962284e-03	 5.253689e-03	 1.591613e+01	 4.277760e-03	 1.657694e-01	 3.545608e+00	 5.318852e+00	 2.080539e-01	 1.561334e+01	 1.223277e+00	 8.433893e-03	 1.104527e-01	 1.701784e-02	 9.348574e+00
 1.492000e+03	 2.001000e+03	-1.000000e+00	 1.751000e+04	 5.517175e-02	 5.438698e-02	 8.616705e-02	 1.079392e-01	 8.301379e-02	 1.354406e-01	 7.820218e-02	 5.034066e-01	 1.111613e+00	 3.224036e-02	 2.689589e-02	 2.097105e-03	 3.541342e-03	 1.591613e+01	 5.344465e-03	 2.374551e-02	 3.545608e+00	 4.215588e+00	 2.579641e-01	 1.537375e+01	 1.077843e+00	 7.301515e-03	 9.346364e-02	 1.900734e-03	 9.376480e+00
 1.494000e+03	 2.002000e+03	-1.000000e+00	 5.211100e+04	 3.962970e-17	 1.118635e-02	 1.266265e-02	-5.900806e-02	-1.262000e-01	 8.642669e-02	 4.844755e-02	 1.389590e-01	 6.360230e+00	 1.027252e-01	 9.699934e-02	 2.607330e-01	 0.000000e+00	 1.361957e+00	 5.725885e-03	 6.691363e-01	 3.545608e+00	 2.234383e+00	 1.492887e-01	 3.939863e-01	 1.018088e+00	 1.122311e-02	 4.838998e-02	 1.877729e-02	 7.552474e+00
 1.500000e+03	 1.999000e+03	-1.000000e+00	 3.210000e+04	 3.040547e-02	-5.250000e-02	-1.370000e-01	 2.724407e-02	 6.561118e-02	 1.327125e-02	-1.261977e-02	 2.014573e-01	 3.955142e+00	 4.990728e-01	 4.832779e-01	 7.164893e-02	 5.281577e-01	-5.805603e-01	 1.579494e-02	 1.453015e-02	 3.062972e-01	 1.182372e+00	 9.428322e-02	 6.965531e+00	 8.091995e-01	 2.882260e-01	 1.782778e-01	 3.893119e-02	 8.089820e+00
 1.501000e+03	 2.000000e+03	-1.000000e+00	 5.211100e+04	 4.425658e-02	 2.451223e-02	 3.379411e-02	 4.578640e-02	 7.462855e-02	 9.499805e-02	 5.289430e-02	 3.977149e-01	 3.394143e+00	 5.191428e-01	 5.115996e-01	 4.414047e-02	 2.703863e-01	 1.802865e+00	 7.543220e-03	 2.817227e-02	 2.659689e-01	 1.171997e+00	 9.467724e-02	 1.176115e+01	 8.061782e-01	 2.735399e-01	 5.836678e-02	 2.250157e-02	 8.105501e+00
 1.502000e+03	 2.001000e+03	-1.000000e+00	 5.153600e+04	 1.919169e-02	 4.176377e-02	 4.851932e-02	-8.207730e-02	-4.274190e-02	 1.082898e-01	 7.042499e-02	 4.135205e-01	 3.539503e+00	 2.662465e-01	 2.587458e-01	 3.230864e-02	 3.413053e-01	 1.980152e+00	 7.500769e-03	 1.075619e-01	 6.158257e-01	 1.099056e+00	 4.579363e-02	 8.240723e+00	 9.436735e-01	 1.093362e-01	 1.362715e-01	 7.900397e-02	 7.989405e+00
 1.503000e+03	 2.002000e+03	-1.000000e+00	 7.011000e+04	 1.960240e-02	 3.906767e-02	-5.891616e-02	 4.902994e-02	 5.361601e-02	-1.918153e-02	-8.700778e-02	 5.975299e-01	 3.233372e+00	 3.272849e-01	 2.920815e-01	 1.139920e-02	 0.000000e+00	-1.797095e+00	 3.520340e-02	 6.918170e-01	 4.340970e-01	 4.037875e+00	 3.241964e-02	 1.561334e+01	 2.035655e+00	 2.215213e-01	 1.849899e-02	 7.530812e-02	 7.993119e+00
 1.504000e+03	 1.999000e+03	-1.000000e+00	 2.451000e+04	 1.979028e-02	 1.738601e-02	 5.528036e-02	 4.591275e-02	 7.137391e-02	 1.077604e-01	 4.755377e-02	 6.078060e-01	 6.360230e+00	 1.325276e-01	 4.084274e-02	 6.604580e-04	 0.000000e+00	 1.591613e+01	 9.168483e-02	 5.731267e-01	 1.668295e+00	 3.989064e+00	 4.026022e-01	 1.561334e+01	 8.869324e-01	 2.796171e-01	 1.592939e-02	 8.437068e-02	 7.587793e+00
 1.505000e+03	 2.000000e+03	-1.000000e+00	 4.521600e+04	 2.364320e-05	 1.727735e-02	 5.259059e-02	 2.538229e-03	-1.068672e-02	 1.270660e-01	 6.231099e-02	 5.181639e-01	 6.360230e+00	 1.411904e-01	 6.027040e-02	 6.713120e-04	 0.000000e+00	 1.591613e+01	 8.091997e-02	 5.788235e-02	 1.510841e+00	 3.290353e+00	 4.220271e-01	 1.561334e+01	 8.730220e-01	 3.053309e-01	 2.489704e-02	 1.017282e-01	 7.580714e+00
 1.512000e+03	 2.002000e+03	-1.000000e+00	 5.020400e+04	 1.523511e-03	 1.970241e-03	-4.554201e-02	 7.361060e-04	 2.035964e-02	 1.133983e-01	-2.899781e-02	 2.107061e-01	 2.872958e+00	 2.848426e-01	 6.465326e-02	 2.337058e-02	 6.258397e-01	-3.523392e+00	 2.201894e-01	 8.063474e-01	 1.767862e+00	 1.955150e+00	 2.086538e-01	 1.218808e+01	 7.900577e-01	 1.645743e-02	 5.833640e-02	 2.265308e-01	 6.260280e+00
 1.513000e+03	 2.002000e+03	-1.000000e+00	 7.484100e+04	 8.500435e-02	 1.214575e-02	 9.233400e-05	 7.191788e-02	 1.559593e-01	 3.047021e-02	 1.623114e-01	 2.959081e-01	-3.896200e+00	 1.214653e-01	 2.352208e-02	 5.202512e-01	 4.380765e-01	 7.791519e-01	 9.794326e-02	 5.826079e-02	 3.545608e+00	 2.184530e+00	 1.160176e-01	 2.112235e-01	 2.447868e+00	 0.000000e+00	 7.543785e-02	 2.570302e-02	 7.636698e+00
 1.514000e+03	 2.002000e+03	-1.000000e+00	 7.020200e+04	 1.400000e-01	 5.006592e-02	 1.221057e-01	 1.510000e-01	-1.262000e-01	 2.180157e-01	 9.185704e-02	 3.445653e-01	 3.801186e+00	 2.286556e-01	 2.153340e-01	 1.287733e-01	 6.654276e-02	 4.586751e+00	 1.332166e-02	 6.948941e-01	 2.169019e+00	 2.621314e+00	 2.708494e-01	 1.775645e+00	 5.889807e-01	 2.072336e-01	 6.490437e-02	 9.483849e-02	 7.390157e+00
 1.515000e+03	 2.002000e+03	-1.000000e+00	 7.415500e+04	 9.263690e-02	 8.750000e-02	 2.310000e-01	 6.049637e-02	 1.409767e-01	-1.195907e-01	-8.804610e-02	 2.498894e-01	-1.033982e+00	 3.115154e-01	 9.504517e-02	 2.808935e-02	 7.558477e-02	-8.220890e+00	 2.164702e-01	 4.371915e-01	 5.805390e-01	 1.686221e+00	 5.050643e-01	 1.109016e+01	 9.259955e-01	 0.000000e+00	 3.785682e-02	 2.402856e-02	 7.559717e+00
 1.538000e+03	 2.000000e+03	-1.000000e+00	 7.010000e+04	 6.212707e-02	 8.128860e-02	 8.739861e-02	 1.510000e-01	 1.102831e-01	 1.461683e-01	 1.280925e-01	 3.847762e-01	 1.554190e+00	 3.256499e-01	 2.279497e-01	 4.568142e-02	 8.681207e-02	 9.244060e+00	 9.770014e-02	 3.145696e-01	 1.597810e+00	 1.632022e+00	 1.432863e-01	 7.128717e+00	 1.816638e+00	 1.014973e-02	 2.351725e-01	 5.880821e-02	 7.692283e+00
