.0228058242151608	.781576426476328	1
-.0635836632198201	.732504063184668	1
-.22786068551397	1.23605721647489	1
.021364404518367	.735035132971627	1
.0420578946900679	.633945444764903	1
.0216621832082684	.861390344046439	1
.0239522998296422	.652742759795571	1
5.40236013722196E-006	.738513697045301	1
.0207020702070207	.895352693164053	1
-.00664010849296491	.70087557213087	1
.0216344707227538	.733826803875549	1
-.0232060790826773	.822587250307139	1
-.263667161256279	.908453841222933	1
-.0471619491408321	.927456223481899	1
-.0989310486894922	.761677879332598	1
.140857021637675	.78022910479423	1
-.0180317452483915	.618666134270411	1
.0476469610518797	.529401091922741	1
-.267393466259255	1.0288687588009	1
-.105816769552786	.654167703201951	1
-.0139296366005502	.718147097147821	1
.00121525932415333	.865307968377531	1
-.0126984301875566	1	1
-.0219902724549709	.881128948998001	1
.0391471579310299	.598721848496467	1
-.000300257721210706	.921301681379081	1
-.0715460374943267	1.02544517084495	1
.00425613686434604	.705819749150384	1
-.00359928507559788	.408566000087285	1
-.0298147532664474	.601736098419712	1
.0301966396303765	.786568670849758	1
-.0169125922220833	.942791046642491	1
.0266816737288136	.517346398305085	1
-.0524136946539459	.498346458566296	1
-.408583020144503	.682054897351435	1
-.0159600074060359	.691464543603037	1
.022806541330718	.834758969504435	1
.0558882235528942	.698649213201504	1
.0256343526350033	1.01522446324008	1
-.599016294478285	1.4632603141458	1
.0440640372452565	.400090038650738	1
-.121531188738659	.86965065863147	1
-.000172673594295296	.613108045683729	-1
-.156216521234227	1.05842649460114	-1
.0124732554745404	.625402108266052	-1
.0817310523389408	.270133139276489	-1
.080825833742675	.55933126334116	-1
.0335376946658077	.746797583450867	-1
.0366447728516694	.533825944170772	-1
.0526855733662146	.710066584463625	-1
.122403668436937	.269976370399832	-1
.0686817020428306	.718221621477071	-1
.0305760118741794	.617468744648056	-1
.0943460259281884	.729315142876536	-1
.0915351328770086	.44248774004647	-1
.0589158409182621	.699681657176165	-1
.186225715884051	.725445367469199	-1
.0727771626267084	.579690530401507	-1
.101209226969457	.452583831899884	-1
.0153744934469577	.850417352266287	-1
.0472465133897843	.591779037376831	-1
-.085583866724448	.594524319950298	-1
.0331371282350367	.515984239717174	-1
.0160550458715596	1.13532110091743	-1
.00835736087749536	.906782817298532	-1
.0349600709849157	.716947648624667	-1
.04651373361986	.347273627241652	-1
-.0845109346651001	.842218183096668	-1
.0294920620354226	.831914747178122	-1
.0452712141184803	.581324886379287	-1
.0414628191099737	.361870484079544	-1
.0300589795338468	.947875607463698	-1
.0234446596596765	.685610269459168	-1
.0467052492638847	.416387450502589	-1
.127896593660637	.369412701369183	-1
.0509560596989803	.60726202855566	-1
.0204248861557011	.529469352645216	-1
.0353106759945357	.679637372190256	-1
.0664338973383791	.530303967131322	-1
.0665498065764023	.719354448742747	-1
.0553326036726256	.80627508208683	-1
.0157379307262922	.629442311559506	-1
-.0344557289891623	.344608411151251	-1
.00482438619672433	.570506714193529	-1

